00100000
00000100
00000000
00001010
00000000
00000000
10001000
00100000
00001100
00000000
00000000
00000101
10101110
00100010
00000000
00000000
00010000
00000000
00000000
00010010
00100011
10111101
11111111
11111000
10101111
10111111
00000000
00000100
00000000
00000100
00010000
00100000
00100000
00001000
00000000
00000010
00000001
00000100
01001000
00101010
00010001
00100000
00000000
00001001
10101111
10100100
00000000
00000000
00100000
10000100
11111111
11111111
00001100
00000000
00000000
00000101
10001111
10100100
00000000
00000000
10101111
10100010
00000000
00000000
00100000
10000100
11111111
11111110
00001100
00000000
00000000
00000101
10001111
10100011
00000000
00000000
00000000
01000011
00010000
00100000
10001111
10111111
00000000
00000100
00100011
10111101
00000000
00001000
00000011
11100000
00000000
00001000